0000   c8 89 f3 a8 58 a9 64 3a ea 2e 2f 82 08 00 45 00
0010   01 48 08 7a 00 00 ff 11 06 2c 0a d1 40 01 0a d1
0020   56 5c 00 43 00 44 01 34 50 60 02 01 06 00 38 b8
0030   5d e6 00 00 00 00 00 00 00 00 0a d1 56 5c 00 00
0040   00 00 0a d1 40 01 c8 89 f3 a8 58 a9 00 00 00 00
0050   00 00 00 00 00 00 00 00 00 00 00 00 00 00 00 00
0060   00 00 00 00 00 00 00 00 00 00 00 00 00 00 00 00
0070   00 00 00 00 00 00 00 00 00 00 00 00 00 00 00 00
0080   00 00 00 00 00 00 00 00 00 00 00 00 00 00 00 00
0090   00 00 00 00 00 00 00 00 00 00 00 00 00 00 00 00
00a0   00 00 00 00 00 00 00 00 00 00 00 00 00 00 00 00
00b0   00 00 00 00 00 00 00 00 00 00 00 00 00 00 00 00
00c0   00 00 00 00 00 00 00 00 00 00 00 00 00 00 00 00
00d0   00 00 00 00 00 00 00 00 00 00 00 00 00 00 00 00
00e0   00 00 00 00 00 00 00 00 00 00 00 00 00 00 00 00
00f0   00 00 00 00 00 00 00 00 00 00 00 00 00 00 00 00
0100   00 00 00 00 00 00 00 00 00 00 00 00 00 00 00 00
0110   00 00 00 00 00 00 63 82 53 63 35 01 05 36 04 0a
0120   d7 01 46 33 04 00 00 8c 9b 01 04 ff ff e0 00 03
0130   04 0a d1 40 01 06 08 0a d7 01 46 0a d6 22 06 0f
0140   07 6e 79 75 2e 65 64 75 ff 00 00 00 00 00 00 00
0150   00 00 00 00 00 00
