0000   c8 89 f3 a8 58 a9 64 3a ea 2e 2f 82 08 00 45 00
0010   00 9a 29 40 00 00 3e 11 c5 0a 0a d6 22 06 0a d1
0020   56 5c 00 35 c1 5c 00 86 5c 7d c6 42 81 80 00 01
0030   00 00 00 01 00 00 05 73 65 74 75 70 03 66 65 32
0040   09 61 70 70 6c 65 2d 64 6e 73 03 6e 65 74 00 00
0050   41 00 01 c0 12 00 06 00 01 00 00 01 1b 00 49 07
0060   6e 73 2d 31 33 39 36 09 61 77 73 64 6e 73 2d 34
0070   36 03 6f 72 67 00 11 61 77 73 64 6e 73 2d 68 6f
0080   73 74 6d 61 73 74 65 72 06 61 6d 61 7a 6f 6e 03
0090   63 6f 6d 00 00 00 00 01 00 00 1c 20 00 00 03 84
00a0   00 12 75 00 00 01 51 80
