0000   ff ff ff ff ff ff c8 89 f3 a8 58 a9 08 00 45 00
0010   01 48 d9 a3 00 00 ff 11 e1 01 00 00 00 00 ff ff
0020   ff ff 00 44 00 43 01 34 45 06 01 01 06 00 38 b8
0030   5d e5 00 00 00 00 00 00 00 00 00 00 00 00 00 00
0040   00 00 00 00 00 00 c8 89 f3 a8 58 a9 00 00 00 00
0050   00 00 00 00 00 00 00 00 00 00 00 00 00 00 00 00
0060   00 00 00 00 00 00 00 00 00 00 00 00 00 00 00 00
0070   00 00 00 00 00 00 00 00 00 00 00 00 00 00 00 00
0080   00 00 00 00 00 00 00 00 00 00 00 00 00 00 00 00
0090   00 00 00 00 00 00 00 00 00 00 00 00 00 00 00 00
00a0   00 00 00 00 00 00 00 00 00 00 00 00 00 00 00 00
00b0   00 00 00 00 00 00 00 00 00 00 00 00 00 00 00 00
00c0   00 00 00 00 00 00 00 00 00 00 00 00 00 00 00 00
00d0   00 00 00 00 00 00 00 00 00 00 00 00 00 00 00 00
00e0   00 00 00 00 00 00 00 00 00 00 00 00 00 00 00 00
00f0   00 00 00 00 00 00 00 00 00 00 00 00 00 00 00 00
0100   00 00 00 00 00 00 00 00 00 00 00 00 00 00 00 00
0110   00 00 00 00 00 00 63 82 53 63 35 01 01 37 0c 01
0120   79 03 06 0f 6c 72 77 fc 5f 2c 2e 39 02 05 dc 3d
0130   07 01 c8 89 f3 a8 58 a9 33 04 00 76 a7 00 0c 0f
0140   4d 61 63 69 6e 74 6f 50 6f 72 74 61 62 6c 65 ff
0150   00 00 00 00 00 00
